90
58
68
204
115
33
193
253
0
20
99
191
176
249
43
229
71
83
70
152
226
252
136
131
190
165
51
76
224
116
49
116
147
185
182
226
117
184
83
184
85
221
134
105
198
251
154
205
95
13
145
53
246
247
76
136
202
194
166
73
50
246
152
136
72
177
174
166
103
84
53
107
112
79
184
73
19
174
34
109
228
43
62
157
162
109
219
103
81
177
182
254
95
145
126
241
129
95
136
9
221
149
172
193
142
82
66
230
182
225
164
242
175
120
179
250
81
136
151
77
41
229
82
70
73
222
46
112
3
233
6
104
104
97
87
79
105
29
9
118
234
76
107
152
207
236
115
3
27
127
19
1
19
56
67
199
20
196
48
55
32
177
230
211
222
204
82
35
85
175
152
120
20
227
44
117
241
79
46
128
89
92
28
188
228
139
173
127
215
24
84
217
226
206
162
174
180
129
239
152
7
82
206
211
24
155
180
98
36
34
252
89
178
186
89
236
204
0
214
159
65
220
195
102
220
6
56
8
183
34
186
201
54
12
12
149
63
221
50
85
197
64
195
196
227
246
202
38
146
65
16
170
74
199
87
90
52
107
79
91
89
20
240
30
128
124
247
238
117
78
152
162
196
170
192
230
158
237
89
220
166
90
140
156
114
96
78
227
