242
120
126
236
25
84
69
122
17
88
129
151
91
87
214
118
150
163
56
90
13
223
106
45
129
39
168
172
206
64
146
8
209
65
45
153
38
227
191
153
77
195
143
200
100
112
29
101
238
235
30
42
144
235
139
210
49
1
53
243
193
231
95
107
191
63
209
2
71
244
171
218
139
240
70
36
224
62
227
50
16
128
118
58
200
165
173
36
12
245
88
125
200
150
37
159
140
49
75
40
109
238
120
60
116
168
152
49
220
148
70
224
140
164
83
231
247
43
205
60
118
223
99
198
159
120
103
253
90
29
68
178
188
3
71
125
51
147
76
236
223
119
218
172
2
156
75
7
254
32
215
125
112
19
162
24
180
101
142
253
11
70
64
222
94
17
86
240
144
202
171
110
188
171
176
200
63
118
151
137
165
126
19
70
159
76
168
211
107
239
43
33
250
38
46
167
177
18
111
38
117
152
240
106
167
56
50
165
160
26
228
22
49
71
23
133
101
253
173
241
222
137
190
56
252
146
100
225
245
233
219
35
112
84
239
58
103
107
3
76
219
157
189
54
12
124
158
82
146
216
162
66
31
91
157
99
69
133
203
45
124
254
174
251
10
182
48
80
80
234
132
236
204
84
122
127
10
210
149
195
215
140
51
44
20
213
16
168
209
77
25
154
236
152
210
52
83
155
97
78
119
238
133
232
244
125
60
197
141
195
218
82
28
93
91
138
23
228
49
145
7
248
78
54
253
106
172
239
109
5
4
73
194
240
121
150
149
19
130
33
91
242
247
254
176
65
8
77
228
123
8
170
161
174
225
230
70
92
50
67
12
179
96
179
250
243
164
245
9
231
214
163
109
12
21
62
93
61
239
22
84
43
237
203
243
113
164
245
40
233
112
137
62
248
249
158
161
21
81
11
237
52
79
195
171
194
56
37
180
217
146
36
58
170
163
59
60
231
165
166
13
114
10
38
57
99
114
31
239
67
183
91
125
27
73
120
133
140
200
91
20
177
81
165
240
169
155
17
101
247
71
159
177
216
249
149
158
139
66
184
78
70
17
121
153
34
164
138
108
248
151
77
39
1
224
39
134
151
2
67
112
71
216
90
237
15
31
166
213
108
11
224
119
156
123
155
45
75
242
77
202
207
133
166
154
149
145
231
61
156
7
242
82
59
41
157
66
130
3
163
86
223
203
107
187
90
11
34
165
0
37
169
125
32
104
236
90
240
107
197
219
35
186
46
225
51
94
70
58
46
2
69
91
199
183
115
7
209
205
14
201
91
75
247
28
190
158
109
92
17
191
144
33
120
203
167
